38.2
38.2
10.5
20.5
48.0
30.6
7.5
7.5
4.5
19.9
4.2
4.5
4.4
14.8
45.0
58.4
12.7
6.2
5.2
4.3
5.2
5.3
4.7
3.3
27.0
39.7
12.3
5.7
13.4
62.8
43.4
7.5
5.2
43.5
19.3
36.7
27.4
9.2
7.2
4.5
4.0
4.2
3.5
10.5
54.9
15.3
39.2
11.5
6.7
8.2
3.7
4.5
3.5
4.0
3.7
3.7
27.7
35.3
48.3
18.2
6.7
14.9
20.0
9.5
32.2
29.4
10.8
48.0
29.6
49.5
56.4
45.4
51.7
55.7
58.7
58.1
67.3
65.2
77.0
80.6
77.2
71.1
61.5
69.4
60.8
61.7
73.8
66.0
64.4
64.2
80.7
81.3
71.1
64.1
58.0
60.5
65.8
65.0
63.0
80.3
70.1
63.4
64.8
65.9
58.6
63.8
60.3
58.1
66.5
74.7
74.7
64.4
65.3
62.3
76.4
63.3
62.0
56.5
56.2
79.7
73.5
66.4
62.9
63.5
62.5
79.6
69.0
60.4
