6.7
15.0
52.9
71.2
58.5
40.5
22.7
46.4
18.0
21.3
6.2
4.8
22.2
29.1
35.7
12.7
7.5
49.6
9.2
6.2
4.7
5.7
3.5
5.0
21.7
26.7
7.5
8.0
3.5
4.0
3.7
42.3
29.3
5.7
16.7
39.3
40.5
11.2
17.7
8.5
7.9
4.5
5.5
14.7
4.2
49.1
69.8
43.0
18.9
6.0
6.2
5.0
5.5
6.7
5.7
11.0
37.4
25.1
8.0
17.8
23.2
37.9
12.5
19.6
6.0
5.5
16.2
48.5
21.7
5.5
6.2
5.5
4.7
5.2
6.0
8.8
21.8
47.2
49.6
64.9
71.0
77.9
71.8
74.6
70.0
79.0
78.5
65.5
77.3
81.6
80.5
76.3
76.5
72.4
70.9
71.9
75.9
71.4
73.4
82.2
71.8
75.7
69.8
70.3
67.7
69.7
72.0
69.3
78.3
64.7
80.0
77.7
70.2
71.1
71.8
68.2
76.7
66.9
72.7
75.5
79.3
73.4
76.1
75.6
75.8
72.6
71.7
70.7
68.2
75.8
80.7
76.5
75.5
73.9
70.5
72.2
76.1
71.4
65.7
73.9
82.3
81.4
75.8
76.8
78.0
71.4
67.5
75.0
71.8
67.4
74.0
83.7
78.8
